    sampleName       entries      integral         error  error/integ.
          Fake             0             0             0             0
       ttbarFF             2      0.195196      0.178675      0.915361
       ttbarFT            10       1.00521      0.328511      0.326809
       ttbarTF            31       2.86733      0.536957      0.187267
         ttbar            12       1.17803      0.341477      0.289871
      stopWtFF             0             0             0             0
      stopWtFT             0             0             0             0
      stopWtTF             0             0             0             0
        stopWt            13       1.87245       0.54646      0.291842
       stoptFF             0             0             0             0
       stoptFT             0             0             0             0
       stoptTF             0             0             0             0
         stopt             2      0.685916      0.551234      0.803646
       stopsFF             0             0             0             0
       stopsFT             0             0             0             0
       stopsTF             0             0             0             0
         stops             2     0.0682683     0.0482731      0.707108
            Zl             0             0             0             0
           Zcl             0             0             0             0
           Zbl             0             0             0             0
           Zcb             0             0             0             0
           Zbc             0             0             0             0
           Zbb             0             0             0             0
         Zttbb            10      0.183695      0.156239      0.850534
         Zttbc             7      0.168595      0.083165      0.493283
         Zttbl            48      0.726845      0.124906      0.171846
         Zttcc             3     0.0393045     0.0356368      0.906685
         Zttcl            27      0.154519      0.111401       0.72095
          Zttl            51     0.0311719     0.0486325       1.56014
           Wtt            64       1.89656      0.423682      0.223395
            WW             1    0.00373967    0.00373967             1
            WZ             2     0.0861322      0.085626      0.994123
            ZZ             3     0.0753922     0.0442097      0.586396
            ZH             0             0             0             0
         bkg:            288       11.2384
          data           153          76.5
